sensor_kit_base_link:
  camera0/camera_link:
    x: 0.10731
    y: 0.56343
    z: -0.27697
    roll: -0.025
    pitch: 0.315
    yaw: 1.035
